[app/install/install_source_checksum]
version = 6.3.2
modtime = 1452687529.841953000

[kafka_credentials/LKC]
owner = admin
version = 6.3.2
modtime = 1452687671.343078000

[app/install/is_configured]
version = 6.3.2
modtime = 1452687672.275906000
